# Name=dsbA
# pos	aa	SP	TAT	LIPO	CS	OTHER
1	M	S	0.997208	0.000022	0.002635	0.000002	0.000134
2	K	S	0.997255	0.000018	0.002588	0.000014	0.000124
3	K	S	0.997309	0.000016	0.002542	0.000013	0.000120
4	I	S	0.997369	0.000014	0.002503	0.000004	0.000109
5	W	S	0.997420	0.000013	0.002468	0.000002	0.000096
6	L	S	0.997467	0.000012	0.002432	0.000003	0.000086
7	A	S	0.997513	0.000011	0.002399	0.000001	0.000076
8	L	S	0.997558	0.000010	0.002366	0.000001	0.000066
9	A	S	0.997598	0.000009	0.002332	0.000003	0.000058
10	G	S	0.997639	0.000009	0.002300	0.000001	0.000051
11	L	S	0.997675	0.000009	0.002270	0.000002	0.000044
12	V	S	0.997708	0.000008	0.002240	0.000002	0.000041
13	L	S	0.997736	0.000009	0.002200	0.000015	0.000040
14	A	S	0.997743	0.000009	0.002111	0.000085	0.000052
15	F	S	0.997768	0.000009	0.002058	0.000034	0.000131
16	S	S	0.997253	0.000009	0.001975	0.000598	0.000164
17	A	S	0.997041	0.000010	0.000560	0.001629	0.000761
18	S	S	0.995731	0.000011	0.000392	0.001491	0.002375
19	A	C	0.097061	0.000004	0.000140	0.898932	0.003862
20	A	X	0.012323	0.000004	0.000010	0.085212	0.902451
21	Q	X	0.007042	0.000003	0.000004	0.005293	0.987658
22	Y	X	0.002533	0.000002	0.000002	0.004515	0.992948
23	E	X	0.002107	0.000003	0.000001	0.000427	0.997462
24	D	X	0.001853	0.000003	0.000001	0.000256	0.997887
25	G	X	0.001403	0.000004	0.000001	0.000454	0.998138
26	K	X	0.001116	0.000005	0.000001	0.000291	0.998588
27	Q	X	0.000936	0.000005	0.000001	0.000183	0.998874
28	Y	X	0.000815	0.000006	0.000002	0.000125	0.999052
29	T	X	0.000733	0.000007	0.000003	0.000086	0.999170
30	T	X	0.000667	0.000009	0.000004	0.000072	0.999248
31	L	X	0.000585	0.000011	0.000006	0.000091	0.999308
32	E	X	0.000504	0.000013	0.000008	0.000091	0.999385
33	K	X	0.000435	0.000014	0.000010	0.000081	0.999461
34	P	X	0.000363	0.000014	0.000011	0.000087	0.999525
35	V	X	0.000300	0.000015	0.000011	0.000078	0.999596
36	A	X	0.000239	0.000014	0.000010	0.000079	0.999658
37	G	X	0.000159	0.000010	0.000005	0.000106	0.999719
38	A	X	0.000116	0.000008	0.000004	0.000056	0.999817
39	P	X	0.000093	0.000008	0.000003	0.000030	0.999867
40	Q	X	0.000070	0.000007	0.000003	0.000029	0.999890
41	V	X	0.000061	0.000007	0.000003	0.000014	0.999915
42	L	X	0.000051	0.000008	0.000003	0.000016	0.999923
43	E	X	0.000040	0.000007	0.000003	0.000017	0.999932
44	F	X	0.000031	0.000006	0.000003	0.000018	0.999943
45	F	X	0.000023	0.000005	0.000002	0.000015	0.999955
46	S	X	0.000016	0.000003	0.000001	0.000015	0.999965
47	F	X	0.000012	0.000003	0.000001	0.000007	0.999977
48	F	X	0.000009	0.000003	0.000001	0.000007	0.999981
49	C	X	0.000007	0.000002	0.000001	0.000004	0.999985
50	P	X	0.000007	0.000003	0.000001	0.000002	0.999987
51	H	X	0.000007	0.000003	0.000001	0.000004	0.999985
52	C	X	0.000007	0.000004	0.000001	0.000004	0.999985
53	Y	X	0.000007	0.000005	0.000001	0.000002	0.999985
54	Q	X	0.000008	0.000006	0.000002	0.000005	0.999979
55	F	X	0.000008	0.000007	0.000002	0.000005	0.999977
56	E	X	0.000009	0.000009	0.000003	0.000005	0.999974
57	E	X	0.000010	0.000010	0.000004	0.000006	0.999970
58	V	X	0.000010	0.000012	0.000005	0.000005	0.999967
59	L	X	0.000012	0.000013	0.000008	0.000006	0.999962
60	H	X	0.000012	0.000015	0.000010	0.000010	0.999953
61	I	X	0.000013	0.000016	0.000011	0.000013	0.999947
62	S	X	0.000013	0.000017	0.000013	0.000012	0.999945
63	D	X	0.000014	0.000018	0.000016	0.000011	0.999941
64	N	X	0.000014	0.000019	0.000018	0.000017	0.999933
65	V	X	0.000014	0.000019	0.000020	0.000016	0.999930
66	K	X	0.000013	0.000019	0.000020	0.000023	0.999925
67	K	X	0.000012	0.000017	0.000018	0.000025	0.999929
68	K	X	0.000010	0.000016	0.000014	0.000023	0.999937
69	L	X	0.000008	0.000015	0.000009	0.000024	0.999945
70	P	X	0.000008	0.000018	0.000014	0.000005	0.999955
