# Name=ppiA
# pos	aa	SP	TAT	LIPO	CS	OTHER
1	M	S	0.996275	0.001218	0.002145	0.000006	0.000357
2	F	S	0.996350	0.001204	0.002105	0.000014	0.000327
3	K	S	0.996422	0.001192	0.002065	0.000014	0.000307
4	S	S	0.996498	0.001183	0.002033	0.000005	0.000282
5	T	S	0.996562	0.001174	0.002003	0.000003	0.000258
6	L	S	0.996622	0.001167	0.001975	0.000002	0.000235
7	A	S	0.996675	0.001158	0.001945	0.000006	0.000215
8	A	S	0.996734	0.001152	0.001918	0.000003	0.000193
9	M	S	0.996787	0.001145	0.001893	0.000002	0.000172
10	A	S	0.996831	0.001139	0.001865	0.000011	0.000154
11	A	S	0.996880	0.001135	0.001840	0.000005	0.000140
12	V	S	0.996920	0.001132	0.001817	0.000005	0.000126
13	F	S	0.996952	0.001130	0.001793	0.000009	0.000116
14	A	S	0.996964	0.001127	0.001741	0.000056	0.000112
15	L	S	0.996993	0.001128	0.001718	0.000012	0.000149
16	S	S	0.996928	0.001128	0.001676	0.000116	0.000152
17	A	S	0.996861	0.001129	0.000863	0.000891	0.000257
18	L	S	0.996794	0.001133	0.000842	0.000116	0.001115
19	S	S	0.990879	0.001132	0.000794	0.005970	0.001225
20	A	S	0.987529	0.001132	0.000225	0.003940	0.007174
21	L	S	0.986558	0.001136	0.000215	0.001004	0.011087
22	S	S	0.985755	0.001137	0.000199	0.000833	0.012076
23	P	S	0.984756	0.001139	0.000183	0.001027	0.012895
24	A	S	0.981900	0.001137	0.000151	0.002900	0.013913
25	A	S	0.979764	0.001137	0.000109	0.002187	0.016803
26	M	S	0.961490	0.001131	0.000088	0.018300	0.018991
27	A	C	0.033761	0.000081	0.000043	0.928867	0.037247
28	A	X	0.018730	0.000039	0.000013	0.015235	0.965984
29	K	X	0.014622	0.000033	0.000009	0.004121	0.981216
30	G	X	0.007387	0.000016	0.000003	0.007265	0.985329
31	D	X	0.006668	0.000014	0.000002	0.000721	0.992594
32	P	X	0.005991	0.000013	0.000003	0.000680	0.993312
33	H	X	0.005185	0.000013	0.000004	0.000813	0.993986
34	V	X	0.004766	0.000012	0.000005	0.000424	0.994792
35	L	X	0.004331	0.000013	0.000007	0.000442	0.995207
36	L	X	0.003813	0.000013	0.000009	0.000528	0.995637
37	T	X	0.003373	0.000013	0.000011	0.000451	0.996152
38	T	X	0.003004	0.000013	0.000013	0.000380	0.996589
39	S	X	0.002485	0.000013	0.000012	0.000538	0.996952
40	A	X	0.001961	0.000011	0.000008	0.000547	0.997472
41	G	X	0.001688	0.000011	0.000007	0.000285	0.998009
42	N	X	0.001490	0.000011	0.000008	0.000205	0.998286
43	I	X	0.001370	0.000012	0.000009	0.000126	0.998483
44	E	X	0.001230	0.000013	0.000012	0.000148	0.998597
45	L	X	0.001099	0.000013	0.000015	0.000141	0.998731
46	E	X	0.000967	0.000014	0.000017	0.000146	0.998856
47	L	X	0.000839	0.000015	0.000018	0.000144	0.998984
48	D	X	0.000729	0.000015	0.000020	0.000125	0.999111
49	K	X	0.000610	0.000015	0.000019	0.000140	0.999217
50	Q	X	0.000492	0.000014	0.000015	0.000142	0.999337
51	K	X	0.000369	0.000011	0.000008	0.000149	0.999462
52	A	X	0.000304	0.000010	0.000006	0.000079	0.999602
53	P	X	0.000252	0.000009	0.000005	0.000060	0.999673
54	V	X	0.000210	0.000008	0.000005	0.000050	0.999727
55	S	X	0.000176	0.000008	0.000004	0.000042	0.999770
56	V	X	0.000149	0.000008	0.000004	0.000036	0.999804
57	Q	X	0.000126	0.000008	0.000004	0.000029	0.999833
58	N	X	0.000099	0.000007	0.000003	0.000036	0.999855
59	F	X	0.000083	0.000007	0.000003	0.000023	0.999885
60	V	X	0.000071	0.000007	0.000003	0.000017	0.999902
61	D	X	0.000063	0.000007	0.000004	0.000013	0.999914
62	Y	X	0.000052	0.000007	0.000004	0.000019	0.999919
63	V	X	0.000045	0.000007	0.000004	0.000013	0.999931
64	N	X	0.000038	0.000008	0.000005	0.000014	0.999935
65	S	X	0.000029	0.000008	0.000004	0.000021	0.999938
66	G	X	0.000024	0.000008	0.000004	0.000013	0.999951
67	F	X	0.000019	0.000008	0.000005	0.000012	0.999956
68	Y	X	0.000015	0.000008	0.000005	0.000013	0.999960
69	N	X	0.000011	0.000008	0.000004	0.000013	0.999964
70	N	X	0.000010	0.000011	0.000009	0.000003	0.999967
