# Name=EptA
# pos	aa	SP	TAT	LIPO	CS	OTHER
1	M	X	0.001599	0.000560	0.004011	0.000050	0.993780
2	L	X	0.001542	0.000487	0.003838	0.000109	0.994023
3	K	X	0.001489	0.000408	0.003677	0.000116	0.994310
4	R	X	0.001445	0.000357	0.003549	0.000065	0.994584
5	L	X	0.001406	0.000314	0.003439	0.000047	0.994794
6	L	X	0.001370	0.000278	0.003343	0.000034	0.994975
7	K	X	0.001335	0.000242	0.003254	0.000035	0.995133
8	R	X	0.001302	0.000208	0.003170	0.000037	0.995284
9	P	X	0.001272	0.000179	0.003094	0.000027	0.995428
10	S	X	0.001243	0.000155	0.003023	0.000022	0.995556
11	L	X	0.001217	0.000135	0.002959	0.000017	0.995673
12	N	X	0.001191	0.000117	0.002896	0.000017	0.995778
13	L	X	0.001166	0.000102	0.002836	0.000017	0.995879
14	L	X	0.001142	0.000088	0.002766	0.000030	0.995975
15	A	X	0.001116	0.000074	0.002660	0.000070	0.996080
16	W	X	0.001092	0.000064	0.002602	0.000022	0.996220
17	L	X	0.001070	0.000056	0.002544	0.000025	0.996305
18	L	X	0.001046	0.000050	0.002495	0.000022	0.996387
19	L	X	0.001013	0.000046	0.002429	0.000049	0.996464
20	A	X	0.000960	0.000040	0.002188	0.000246	0.996567
21	A	X	0.000905	0.000035	0.001486	0.000714	0.996859
22	F	X	0.000880	0.000033	0.001430	0.000045	0.997612
23	Y	X	0.000858	0.000032	0.001396	0.000030	0.997684
24	I	X	0.000843	0.000031	0.001369	0.000023	0.997734
25	S	X	0.000826	0.000030	0.001306	0.000065	0.997774
26	I	X	0.000788	0.000029	0.000093	0.001246	0.997844
27	C	X	0.000494	0.000024	0.000036	0.000346	0.999100
28	L	X	0.000456	0.000023	0.000022	0.000047	0.999452
29	N	X	0.000386	0.000021	0.000015	0.000076	0.999502
30	I	X	0.000369	0.000021	0.000010	0.000021	0.999579
31	A	X	0.000329	0.000020	0.000006	0.000045	0.999599
32	F	X	0.000323	0.000021	0.000005	0.000009	0.999643
33	F	X	0.000311	0.000020	0.000005	0.000015	0.999649
34	K	X	0.000303	0.000020	0.000005	0.000011	0.999660
35	Q	X	0.000297	0.000021	0.000005	0.000009	0.999667
36	V	X	0.000294	0.000022	0.000006	0.000007	0.999671
37	L	X	0.000287	0.000022	0.000007	0.000012	0.999672
38	Q	X	0.000263	0.000021	0.000007	0.000035	0.999675
39	A	X	0.000183	0.000013	0.000006	0.000108	0.999691
40	L	X	0.000179	0.000013	0.000006	0.000008	0.999793
41	P	X	0.000172	0.000012	0.000007	0.000017	0.999792
42	L	X	0.000165	0.000012	0.000008	0.000013	0.999802
43	D	X	0.000161	0.000013	0.000009	0.000009	0.999808
44	S	X	0.000155	0.000013	0.000010	0.000016	0.999807
45	L	X	0.000149	0.000013	0.000011	0.000014	0.999813
46	H	X	0.000144	0.000014	0.000012	0.000012	0.999818
47	N	X	0.000139	0.000014	0.000013	0.000016	0.999818
48	V	X	0.000134	0.000014	0.000014	0.000014	0.999824
49	L	X	0.000131	0.000014	0.000016	0.000012	0.999827
50	V	X	0.000129	0.000015	0.000018	0.000011	0.999827
51	F	X	0.000126	0.000015	0.000019	0.000013	0.999826
52	L	X	0.000121	0.000016	0.000021	0.000016	0.999825
53	S	X	0.000115	0.000016	0.000023	0.000020	0.999826
54	M	X	0.000111	0.000017	0.000025	0.000013	0.999833
55	P	X	0.000108	0.000018	0.000028	0.000014	0.999832
56	V	X	0.000107	0.000019	0.000030	0.000012	0.999832
57	V	X	0.000103	0.000021	0.000032	0.000017	0.999827
58	A	X	0.000086	0.000019	0.000031	0.000047	0.999817
59	F	X	0.000082	0.000019	0.000031	0.000022	0.999847
60	S	X	0.000073	0.000017	0.000030	0.000039	0.999842
61	V	X	0.000069	0.000017	0.000030	0.000021	0.999863
62	I	X	0.000066	0.000017	0.000032	0.000017	0.999868
63	N	X	0.000063	0.000018	0.000033	0.000022	0.999865
64	I	X	0.000062	0.000019	0.000035	0.000014	0.999870
65	V	X	0.000061	0.000021	0.000037	0.000016	0.999865
66	L	X	0.000060	0.000022	0.000039	0.000021	0.999858
67	T	X	0.000055	0.000022	0.000038	0.000040	0.999845
68	L	X	0.000053	0.000023	0.000038	0.000028	0.999859
69	S	X	0.000049	0.000022	0.000037	0.000046	0.999846
70	S	X	0.000052	0.000028	0.000033	0.000034	0.999853
