# Name=degP
# pos	aa	SP	TAT	LIPO	CS	OTHER
1	M	S	0.997495	0.000604	0.001695	0.000002	0.000204
2	K	S	0.997545	0.000598	0.001652	0.000014	0.000190
3	K	S	0.997602	0.000594	0.001611	0.000011	0.000183
4	N	S	0.997662	0.000590	0.001576	0.000005	0.000167
5	T	S	0.997714	0.000587	0.001544	0.000002	0.000152
6	L	S	0.997762	0.000585	0.001513	0.000002	0.000138
7	A	S	0.997806	0.000583	0.001483	0.000003	0.000126
8	L	S	0.997852	0.000581	0.001454	0.000002	0.000112
9	S	S	0.997893	0.000579	0.001424	0.000005	0.000100
10	A	S	0.997933	0.000578	0.001395	0.000004	0.000090
11	L	S	0.997970	0.000577	0.001366	0.000006	0.000082
12	A	S	0.998001	0.000576	0.001321	0.000025	0.000077
13	L	S	0.998032	0.000576	0.001291	0.000011	0.000090
14	S	S	0.998057	0.000577	0.001236	0.000038	0.000092
15	L	S	0.998081	0.000578	0.001195	0.000025	0.000121
16	G	S	0.998091	0.000579	0.001096	0.000094	0.000140
17	L	S	0.998089	0.000581	0.001028	0.000074	0.000227
18	A	S	0.997279	0.000583	0.000856	0.000982	0.000299
19	L	S	0.997146	0.000587	0.000814	0.000182	0.001272
20	S	S	0.997018	0.000589	0.000771	0.000173	0.001449
21	P	S	0.996865	0.000591	0.000620	0.000306	0.001617
22	L	S	0.996692	0.000593	0.000600	0.000193	0.001921
23	S	S	0.994737	0.000595	0.000581	0.001970	0.002117
24	A	S	0.984472	0.000593	0.000237	0.010610	0.004088
25	T	S	0.977965	0.000595	0.000208	0.006536	0.014695
26	A	C	0.056751	0.000137	0.000122	0.921768	0.021222
27	A	X	0.020537	0.000063	0.000060	0.036734	0.942606
28	E	X	0.019216	0.000064	0.000056	0.001340	0.979324
29	T	X	0.016791	0.000057	0.000051	0.002458	0.980642
30	S	X	0.015304	0.000055	0.000050	0.001513	0.983078
31	S	X	0.012797	0.000049	0.000040	0.002557	0.984558
32	A	X	0.010149	0.000038	0.000020	0.002714	0.987079
33	T	X	0.009208	0.000037	0.000022	0.000955	0.989780
34	T	X	0.007727	0.000033	0.000019	0.001507	0.990714
35	A	X	0.006037	0.000024	0.000008	0.001732	0.992199
36	Q	X	0.005263	0.000023	0.000006	0.000785	0.993923
37	Q	X	0.004474	0.000020	0.000005	0.000801	0.994699
38	M	X	0.003990	0.000019	0.000006	0.000491	0.995494
39	P	X	0.003464	0.000019	0.000006	0.000535	0.995976
40	S	X	0.002920	0.000017	0.000006	0.000557	0.996500
41	L	X	0.002493	0.000016	0.000006	0.000437	0.997048
42	A	X	0.002147	0.000015	0.000006	0.000356	0.997475
43	P	X	0.001878	0.000016	0.000007	0.000277	0.997823
44	M	X	0.001570	0.000016	0.000007	0.000321	0.998086
45	L	X	0.001359	0.000016	0.000008	0.000222	0.998395
46	E	X	0.001145	0.000016	0.000008	0.000226	0.998605
47	K	X	0.000925	0.000015	0.000008	0.000237	0.998816
48	V	X	0.000798	0.000015	0.000008	0.000138	0.999041
49	M	X	0.000691	0.000015	0.000009	0.000116	0.999168
50	P	X	0.000543	0.000014	0.000008	0.000165	0.999269
51	S	X	0.000445	0.000013	0.000008	0.000111	0.999423
52	V	X	0.000406	0.000014	0.000009	0.000045	0.999526
53	V	X	0.000363	0.000015	0.000012	0.000051	0.999559
54	S	X	0.000303	0.000015	0.000012	0.000077	0.999593
55	I	X	0.000267	0.000016	0.000014	0.000046	0.999656
56	N	X	0.000230	0.000017	0.000016	0.000052	0.999685
57	V	X	0.000201	0.000019	0.000019	0.000041	0.999720
58	E	X	0.000165	0.000019	0.000020	0.000057	0.999739
59	G	X	0.000124	0.000014	0.000012	0.000083	0.999766
60	S	X	0.000102	0.000013	0.000010	0.000039	0.999836
61	T	X	0.000083	0.000012	0.000010	0.000031	0.999864
62	T	X	0.000068	0.000012	0.000010	0.000027	0.999883
63	V	X	0.000059	0.000012	0.000012	0.000017	0.999899
64	N	X	0.000051	0.000013	0.000014	0.000018	0.999904
65	T	X	0.000043	0.000013	0.000015	0.000020	0.999909
66	P	X	0.000036	0.000013	0.000018	0.000019	0.999914
67	R	X	0.000027	0.000012	0.000017	0.000029	0.999915
68	M	X	0.000022	0.000012	0.000017	0.000020	0.999929
69	P	X	0.000014	0.000011	0.000012	0.000032	0.999931
70	R	X	0.000015	0.000014	0.000020	0.000006	0.999946
