# Name=mrdA
# pos	aa	SP	TAT	LIPO	CS	OTHER
1	M	X	0.005613	0.001150	0.005967	0.000047	0.987222
2	K	X	0.005561	0.001064	0.005822	0.000093	0.987460
3	L	X	0.005520	0.000987	0.005713	0.000049	0.987732
4	Q	X	0.005485	0.000931	0.005629	0.000013	0.987943
5	N	X	0.005450	0.000877	0.005538	0.000024	0.988111
6	S	X	0.005415	0.000827	0.005450	0.000026	0.988282
7	F	X	0.005382	0.000781	0.005365	0.000026	0.988446
8	R	X	0.005349	0.000736	0.005279	0.000032	0.988604
9	D	X	0.005319	0.000697	0.005207	0.000020	0.988757
10	Y	X	0.005289	0.000660	0.005138	0.000021	0.988892
11	T	X	0.005252	0.000623	0.005004	0.000099	0.989022
12	A	X	0.005215	0.000589	0.004858	0.000115	0.989223
13	E	X	0.005178	0.000558	0.004694	0.000137	0.989434
14	S	X	0.005122	0.000517	0.004313	0.000388	0.989660
15	A	X	0.005069	0.000482	0.003960	0.000362	0.990127
16	L	X	0.005024	0.000452	0.003765	0.000201	0.990558
17	F	X	0.004973	0.000420	0.003600	0.000185	0.990822
18	V	X	0.004921	0.000388	0.003438	0.000192	0.991062
19	R	X	0.004870	0.000361	0.003245	0.000222	0.991301
20	R	X	0.004814	0.000332	0.002822	0.000465	0.991567
21	A	X	0.004763	0.000301	0.002448	0.000418	0.992070
22	L	X	0.004731	0.000284	0.002367	0.000097	0.992520
23	V	X	0.004689	0.000264	0.002215	0.000184	0.992647
24	A	X	0.004646	0.000245	0.002046	0.000207	0.992857
25	F	X	0.004614	0.000233	0.001985	0.000083	0.993085
26	L	X	0.004582	0.000221	0.001932	0.000078	0.993186
27	G	X	0.004556	0.000211	0.001883	0.000071	0.993280
28	I	X	0.004537	0.000203	0.001853	0.000045	0.993363
29	L	X	0.004524	0.000198	0.001835	0.000027	0.993417
30	L	X	0.004511	0.000193	0.001825	0.000021	0.993450
31	L	X	0.004496	0.000190	0.001815	0.000023	0.993476
32	T	X	0.004481	0.000188	0.001770	0.000058	0.993503
33	G	X	0.004461	0.000187	0.000954	0.000846	0.993552
34	V	X	0.004452	0.000186	0.000925	0.000038	0.994398
35	L	X	0.004433	0.000186	0.000913	0.000032	0.994436
36	I	X	0.003776	0.000180	0.000896	0.000681	0.994466
37	A	X	0.001259	0.000090	0.000056	0.003479	0.995117
38	N	X	0.001086	0.000080	0.000012	0.000226	0.998596
39	L	X	0.000937	0.000068	0.000006	0.000171	0.998817
40	Y	X	0.000921	0.000068	0.000005	0.000020	0.998987
41	N	X	0.000845	0.000065	0.000005	0.000084	0.999002
42	L	X	0.000822	0.000065	0.000005	0.000027	0.999081
43	Q	X	0.000789	0.000065	0.000005	0.000040	0.999101
44	I	X	0.000706	0.000065	0.000006	0.000091	0.999131
45	V	X	0.000680	0.000066	0.000008	0.000034	0.999212
46	R	X	0.000632	0.000065	0.000010	0.000065	0.999229
47	F	X	0.000529	0.000060	0.000011	0.000131	0.999269
48	T	X	0.000477	0.000059	0.000012	0.000071	0.999380
49	D	X	0.000462	0.000064	0.000016	0.000024	0.999434
50	Y	X	0.000428	0.000067	0.000020	0.000053	0.999432
51	Q	X	0.000395	0.000070	0.000024	0.000058	0.999453
52	T	X	0.000370	0.000074	0.000028	0.000049	0.999478
53	R	X	0.000324	0.000075	0.000031	0.000087	0.999483
54	S	X	0.000264	0.000066	0.000031	0.000130	0.999508
55	N	X	0.000244	0.000068	0.000032	0.000054	0.999602
56	E	X	0.000222	0.000068	0.000035	0.000054	0.999622
57	N	X	0.000203	0.000068	0.000037	0.000050	0.999641
58	R	X	0.000172	0.000063	0.000036	0.000086	0.999642
59	I	X	0.000156	0.000062	0.000038	0.000051	0.999693
60	K	X	0.000134	0.000058	0.000037	0.000072	0.999699
61	L	X	0.000117	0.000056	0.000038	0.000055	0.999733
62	V	X	0.000110	0.000058	0.000039	0.000032	0.999760
63	P	X	0.000100	0.000058	0.000040	0.000045	0.999758
64	I	X	0.000090	0.000059	0.000040	0.000047	0.999765
65	A	X	0.000083	0.000061	0.000041	0.000038	0.999777
66	P	X	0.000072	0.000058	0.000039	0.000065	0.999766
67	S	X	0.000061	0.000052	0.000035	0.000080	0.999772
68	R	X	0.000053	0.000045	0.000031	0.000077	0.999794
69	G	X	0.000046	0.000034	0.000025	0.000081	0.999814
70	I	X	0.000049	0.000039	0.000030	0.000017	0.999866
