# Name=MraY
# pos	aa	SP	TAT	LIPO	CS	OTHER
1	M	X	0.002358	0.000470	0.001731	0.000039	0.995402
2	L	X	0.002314	0.000412	0.001625	0.000066	0.995583
3	V	X	0.002281	0.000368	0.001544	0.000043	0.995764
4	W	X	0.002251	0.000335	0.001478	0.000025	0.995911
5	L	X	0.002221	0.000303	0.001407	0.000036	0.996034
6	A	X	0.002188	0.000274	0.001337	0.000041	0.996161
7	E	X	0.002160	0.000250	0.001280	0.000027	0.996282
8	H	X	0.002136	0.000232	0.001221	0.000031	0.996381
9	L	X	0.002114	0.000216	0.001163	0.000031	0.996476
10	V	X	0.002093	0.000201	0.001107	0.000032	0.996567
11	K	X	0.002062	0.000186	0.001024	0.000075	0.996653
12	Y	X	0.002025	0.000170	0.000918	0.000109	0.996777
13	Y	X	0.001997	0.000158	0.000862	0.000050	0.996933
14	S	X	0.001956	0.000142	0.000734	0.000143	0.997025
15	G	X	0.001894	0.000123	0.000492	0.000287	0.997204
16	F	X	0.001859	0.000114	0.000447	0.000056	0.997523
17	N	X	0.001833	0.000106	0.000406	0.000049	0.997606
18	V	X	0.001812	0.000101	0.000375	0.000037	0.997676
19	F	X	0.001792	0.000096	0.000348	0.000035	0.997730
20	S	X	0.001751	0.000075	0.000284	0.000111	0.997779
21	Y	X	0.001737	0.000070	0.000268	0.000023	0.997902
22	L	X	0.001721	0.000065	0.000245	0.000034	0.997935
23	T	X	0.001706	0.000059	0.000228	0.000030	0.997977
24	F	X	0.001694	0.000055	0.000215	0.000022	0.998013
25	R	X	0.001675	0.000050	0.000183	0.000051	0.998041
26	A	X	0.001655	0.000040	0.000146	0.000062	0.998096
27	I	X	0.001647	0.000039	0.000136	0.000017	0.998162
28	V	X	0.001637	0.000037	0.000124	0.000021	0.998182
29	S	X	0.001625	0.000035	0.000109	0.000026	0.998205
30	L	X	0.001617	0.000034	0.000099	0.000018	0.998233
31	L	X	0.001610	0.000033	0.000090	0.000016	0.998251
32	T	X	0.001600	0.000033	0.000075	0.000025	0.998267
33	A	X	0.001589	0.000032	0.000048	0.000042	0.998290
34	L	X	0.001587	0.000033	0.000044	0.000008	0.998329
35	F	X	0.001584	0.000034	0.000041	0.000007	0.998333
36	I	X	0.001581	0.000036	0.000038	0.000010	0.998335
37	S	X	0.001578	0.000039	0.000024	0.000022	0.998337
38	L	X	0.001578	0.000044	0.000021	0.000009	0.998348
39	W	X	0.001579	0.000050	0.000020	0.000008	0.998343
40	M	X	0.001561	0.000057	0.000016	0.000032	0.998334
41	G	X	0.001564	0.000066	0.000014	0.000009	0.998347
42	P	X	0.001567	0.000075	0.000013	0.000009	0.998336
43	R	X	0.001564	0.000082	0.000011	0.000015	0.998326
44	M	X	0.001553	0.000088	0.000011	0.000022	0.998326
45	I	X	0.001517	0.000093	0.000010	0.000047	0.998334
46	A	X	0.000646	0.000049	0.000005	0.000965	0.998334
47	H	X	0.000600	0.000050	0.000006	0.000055	0.999289
48	L	X	0.000346	0.000023	0.000005	0.000321	0.999305
49	Q	X	0.000330	0.000024	0.000005	0.000025	0.999615
50	K	X	0.000305	0.000025	0.000006	0.000038	0.999625
51	L	X	0.000283	0.000028	0.000007	0.000033	0.999649
52	S	X	0.000255	0.000028	0.000008	0.000049	0.999660
53	F	X	0.000231	0.000030	0.000009	0.000042	0.999688
54	G	X	0.000188	0.000020	0.000009	0.000098	0.999684
55	Q	X	0.000175	0.000022	0.000011	0.000029	0.999764
56	V	X	0.000162	0.000024	0.000013	0.000029	0.999772
57	V	X	0.000150	0.000027	0.000015	0.000029	0.999779
58	R	X	0.000126	0.000027	0.000014	0.000063	0.999770
59	N	X	0.000102	0.000025	0.000012	0.000064	0.999796
60	D	X	0.000096	0.000029	0.000014	0.000019	0.999843
61	G	X	0.000092	0.000031	0.000016	0.000019	0.999842
62	P	X	0.000087	0.000034	0.000017	0.000025	0.999838
63	E	X	0.000081	0.000036	0.000019	0.000029	0.999836
64	S	X	0.000075	0.000037	0.000021	0.000032	0.999834
65	H	X	0.000070	0.000039	0.000024	0.000035	0.999832
66	F	X	0.000060	0.000037	0.000025	0.000057	0.999821
67	S	X	0.000050	0.000034	0.000025	0.000058	0.999833
68	K	X	0.000041	0.000030	0.000023	0.000060	0.999846
69	R	X	0.000033	0.000022	0.000018	0.000076	0.999851
70	G	X	0.000034	0.000026	0.000021	0.000015	0.999905
