# Name=MurF
# pos	aa	SP	TAT	LIPO	CS	OTHER
1	M	X	0.008968	0.001184	0.001436	0.000027	0.988384
2	I	X	0.008926	0.001140	0.001364	0.000030	0.988539
3	S	X	0.008888	0.001105	0.001304	0.000031	0.988671
4	V	X	0.008849	0.001078	0.001255	0.000026	0.988792
5	T	X	0.008810	0.001055	0.001208	0.000027	0.988900
6	L	X	0.008731	0.001032	0.001159	0.000075	0.989004
7	S	X	0.008612	0.001007	0.001094	0.000133	0.989154
8	Q	X	0.008504	0.000986	0.001044	0.000111	0.989355
9	L	X	0.008375	0.000968	0.001002	0.000125	0.989530
10	T	X	0.008227	0.000949	0.000954	0.000154	0.989716
11	D	X	0.008123	0.000934	0.000922	0.000096	0.989925
12	I	X	0.008015	0.000921	0.000894	0.000100	0.990069
13	L	X	0.007918	0.000910	0.000865	0.000094	0.990213
14	N	X	0.007469	0.000896	0.000803	0.000485	0.990346
15	G	X	0.006411	0.000859	0.000442	0.001422	0.990867
16	E	X	0.006164	0.000844	0.000409	0.000264	0.992319
17	L	X	0.005942	0.000830	0.000388	0.000232	0.992607
18	Q	X	0.005665	0.000817	0.000338	0.000320	0.992859
19	G	X	0.002167	0.000743	0.000172	0.003721	0.993196
20	A	X	0.001340	0.000701	0.000094	0.000933	0.996932
21	D	X	0.001250	0.000689	0.000090	0.000094	0.997878
22	I	X	0.001189	0.000680	0.000087	0.000063	0.997981
23	T	X	0.001133	0.000672	0.000084	0.000061	0.998050
24	L	X	0.001066	0.000663	0.000077	0.000078	0.998116
25	D	X	0.000987	0.000651	0.000068	0.000096	0.998198
26	A	X	0.000802	0.000616	0.000053	0.000233	0.998297
27	V	X	0.000759	0.000605	0.000051	0.000052	0.998532
28	T	X	0.000707	0.000592	0.000048	0.000067	0.998586
29	T	X	0.000656	0.000579	0.000045	0.000067	0.998654
30	D	X	0.000625	0.000572	0.000043	0.000039	0.998721
31	T	X	0.000581	0.000560	0.000039	0.000060	0.998760
32	R	X	0.000533	0.000548	0.000035	0.000065	0.998819
33	K	X	0.000476	0.000531	0.000030	0.000080	0.998883
34	L	X	0.000430	0.000516	0.000026	0.000065	0.998963
35	T	X	0.000405	0.000508	0.000025	0.000035	0.999027
36	P	X	0.000382	0.000502	0.000023	0.000031	0.999062
37	G	X	0.000350	0.000496	0.000019	0.000045	0.999090
38	C	X	0.000333	0.000492	0.000018	0.000023	0.999134
39	L	X	0.000322	0.000489	0.000018	0.000016	0.999155
40	F	X	0.000310	0.000488	0.000018	0.000016	0.999168
41	V	X	0.000300	0.000487	0.000018	0.000015	0.999180
42	A	X	0.000286	0.000485	0.000017	0.000022	0.999190
43	L	X	0.000276	0.000484	0.000017	0.000016	0.999207
44	K	X	0.000266	0.000483	0.000017	0.000016	0.999219
45	G	X	0.000255	0.000481	0.000016	0.000018	0.999230
46	E	X	0.000252	0.000482	0.000016	0.000007	0.999244
47	R	X	0.000245	0.000482	0.000016	0.000011	0.999246
48	F	X	0.000240	0.000480	0.000017	0.000011	0.999251
49	D	X	0.000235	0.000480	0.000017	0.000010	0.999257
50	A	X	0.000218	0.000471	0.000016	0.000036	0.999260
51	H	X	0.000214	0.000471	0.000017	0.000009	0.999289
52	D	X	0.000205	0.000468	0.000018	0.000019	0.999291
53	F	X	0.000200	0.000466	0.000019	0.000014	0.999301
54	A	X	0.000191	0.000459	0.000019	0.000026	0.999304
55	D	X	0.000189	0.000460	0.000021	0.000008	0.999321
56	Q	X	0.000183	0.000455	0.000023	0.000022	0.999318
57	A	X	0.000172	0.000444	0.000023	0.000036	0.999325
58	K	X	0.000166	0.000439	0.000024	0.000023	0.999348
59	A	X	0.000147	0.000327	0.000022	0.000153	0.999352
60	G	X	0.000136	0.000321	0.000022	0.000028	0.999493
61	G	X	0.000123	0.000297	0.000022	0.000052	0.999507
62	A	X	0.000115	0.000273	0.000022	0.000044	0.999546
63	G	X	0.000108	0.000243	0.000022	0.000049	0.999578
64	A	X	0.000099	0.000192	0.000021	0.000077	0.999611
65	L	X	0.000097	0.000187	0.000021	0.000017	0.999677
66	L	X	0.000094	0.000178	0.000021	0.000025	0.999682
67	V	X	0.000092	0.000170	0.000022	0.000022	0.999695
68	S	X	0.000088	0.000148	0.000021	0.000043	0.999701
69	R	X	0.000084	0.000128	0.000019	0.000043	0.999725
70	P	X	0.000083	0.000129	0.000022	0.000012	0.999753
